filename	read_id	run_id	batch_id	channel	mux	start_time	duration	num_events	passes_filtering	template_start	num_events_template	template_duration	sequence_length_template	mean_qscore_template	strand_score_template	median_template	mad_template	scaling_median_template	scaling_mad_template
FAR09416_pass_b2a717df_904.fast5	c554cbbe-727b-4276-8e47-2d8a4ee7feb4	b2a717df255266c1428d6ef9ef7f36db102942b3	18	252	3	127613.258250	4.720000	3776	TRUE	127613.293250	3748	4.685000	1989	13.044626	3.124323	71.248497	9.204351	71.248497	9.204351
FAR09416_pass_b2a717df_757.fast5	51dfcb65-c891-4d7a-be33-c841bb765b1e	b2a717df255266c1428d6ef9ef7f36db102942b3	26	485	3	101255.209500	20.309750	16247	TRUE	101255.269500	16199	20.249750	9311	12.752159	3.255350	76.191574	8.863450	76.191574	8.863450
FAR09416_pass_b2a717df_1124.fast5	66f8df59-a26d-4b8f-a3bb-618f3ca07c1b	b2a717df255266c1428d6ef9ef7f36db102942b3	27	438	4	181503.354250	25.788000	20630	TRUE	181503.423000	20575	25.719250	9653	13.773705	3.035466	58.123775	8.181646	58.123775	8.181646
FAR09416_pass_b2a717df_760.fast5	af893dd1-65a6-478c-93d9-0d8c068bb833	b2a717df255266c1428d6ef9ef7f36db102942b3	34	216	3	101842.539000	2.649250	2119	TRUE	101842.557750	2104	2.630500	988	14.901697	3.101110	83.520966	9.374803	83.520966	9.374803
FAR09416_pass_b2a717df_896.fast5	914eacc1-1639-4b5d-aaac-7ef68977bce0	b2a717df255266c1428d6ef9ef7f36db102942b3	43	287	1	126123.750750	1.675500	1340	TRUE	126123.764500	1329	1.661750	646	14.494150	3.033220	77.214279	11.249763	77.214279	11.249763
FAR09416_pass_b2a717df_1001.fast5	edd0f1a0-354b-4779-a9a4-d6e0ab548c99	b2a717df255266c1428d6ef9ef7f36db102942b3	49	511	3	147485.530250	31.259500	25007	TRUE	147485.566500	24978	31.223250	12102	15.125790	3.104851	69.373535	9.545254	69.373535	9.545254
FAR09416_pass_b2a717df_1038.fast5	e5c882bf-3fbe-4859-ba30-5da8bb524f9d	b2a717df255266c1428d6ef9ef7f36db102942b3	50	326	3	156480.255750	8.399750	6719	TRUE	156480.307000	6678	8.348500	3201	9.541469	2.919746	50.453484	6.306685	50.453484	6.306685
FAR09416_pass_b2a717df_964.fast5	3c0736f4-579f-4fcf-a514-82414b8b918e	b2a717df255266c1428d6ef9ef7f36db102942b3	67	429	3	139455.434500	6.261250	5009	TRUE	139455.443250	5002	6.252500	2402	12.524205	3.038153	74.827972	10.567959	74.827972	10.567959
FAR09416_pass_b2a717df_265.fast5	0b258668-1973-4ee8-9ab9-7df28db82c1e	b2a717df255266c1428d6ef9ef7f36db102942b3	73	498	4	31947.613000	43.158000	34526	TRUE	31947.638000	34506	43.133000	15915	15.471062	3.081303	70.055344	9.374803	70.055344	9.374803
FAR09416_pass_b2a717df_230.fast5	2f276640-28f7-4c34-b696-33f19ada025f	b2a717df255266c1428d6ef9ef7f36db102942b3	74	320	1	27497.722000	2.292750	1834	TRUE	27497.749500	1812	2.265250	901	15.243184	3.101227	70.396248	8.692999	70.396248	8.692999
FAR09416_pass_b2a717df_622.fast5	229c3862-abaf-4b42-b873-9da05e0c3cb2	b2a717df255266c1428d6ef9ef7f36db102942b3	80	453	2	80409.017750	15.586500	12469	TRUE	80409.045250	12447	15.559000	6286	15.406251	3.184798	77.043831	9.033900	77.043831	9.033900
FAR09416_pass_b2a717df_318.fast5	03ce18b0-3583-4aec-b0ec-84591f075bbc	b2a717df255266c1428d6ef9ef7f36db102942b3	88	94	1	38819.450750	34.165250	27332	TRUE	38819.475750	27312	34.140250	12473	15.867958	3.065699	69.373535	9.545254	69.373535	9.545254
FAR09416_pass_b2a717df_318.fast5	ccc28fac-b38b-4119-aea2-6a511b39aae7	b2a717df255266c1428d6ef9ef7f36db102942b3	88	456	3	38813.623500	2.901750	2321	TRUE	38813.644750	2304	2.880500	995	14.276061	2.963197	68.862183	10.227057	68.862183	10.227057
FAR09416_pass_b2a717df_1077.fast5	d2bbedad-6c0a-40a9-b853-8c5d5aa9b684	b2a717df255266c1428d6ef9ef7f36db102942b3	92	216	1	166430.783000	11.148750	8919	TRUE	166430.834250	8878	11.097500	4261	15.484929	3.119231	79.430145	10.056606	79.430145	10.056606
FAR09416_pass_b2a717df_7.fast5	35268b01-20e5-469b-86c6-5b052028f7a7	b2a717df255266c1428d6ef9ef7f36db102942b3	95	152	2	813.569750	34.410750	27528	TRUE	813.588500	27513	34.392000	14677	12.240158	3.145628	69.203087	9.886155	69.203087	9.886155
FAR09416_pass_b2a717df_744.fast5	9185e5b3-c525-4482-beb4-8f79c8034d8d	b2a717df255266c1428d6ef9ef7f36db102942b3	105	485	1	99045.887750	5.874750	4699	TRUE	99045.911500	4680	5.851000	2283	15.981930	3.132798	74.487068	8.011195	74.487068	8.011195
FAR09416_pass_b2a717df_213.fast5	80841670-dcba-4114-94d2-cb8f06e13c6d	b2a717df255266c1428d6ef9ef7f36db102942b3	110	345	3	25279.163000	8.825000	7060	TRUE	25279.170500	7054	8.817500	2824	16.063919	2.927701	73.123459	10.567959	73.123459	10.567959
FAR09416_pass_b2a717df_143.fast5	449140c8-9f5f-411c-9323-e9e1948cc829	b2a717df255266c1428d6ef9ef7f36db102942b3	127	40	2	16625.390250	9.905250	7924	TRUE	16625.451500	7875	9.844000	3979	15.889042	3.191645	70.396248	8.352097	70.396248	8.352097
FAR09416_pass_b2a717df_52.fast5	a1897506-ccf2-46c2-94ba-41b04945e760	b2a717df255266c1428d6ef9ef7f36db102942b3	128	320	1	5943.033250	6.005750	4804	TRUE	5943.065750	4778	5.973250	2343	17.360081	3.179614	73.293907	8.692999	73.293907	8.692999
FAR09416_pass_b2a717df_52.fast5	ea8226bb-6ea7-4a78-b6a5-efc09ec32d3a	b2a717df255266c1428d6ef9ef7f36db102942b3	128	191	2	5955.491000	5.622000	4497	TRUE	5955.553500	4447	5.559500	2317	13.644199	3.126014	62.555500	9.886155	62.555500	9.886155
FAR09416_pass_b2a717df_137.fast5	a7eb3eb5-5edb-455b-97fe-e77b7a5bef37	b2a717df255266c1428d6ef9ef7f36db102942b3	129	276	4	15840.091000	2.750750	2200	TRUE	15840.119750	2177	2.722000	1015	14.799477	3.064953	68.691734	10.738410	68.691734	10.738410
FAR09416_pass_b2a717df_471.fast5	2675ce3d-288c-4480-84d0-f8e4d6a9f17a	b2a717df255266c1428d6ef9ef7f36db102942b3	134	369	3	59375.652000	0.877000	701	TRUE	59375.669500	687	0.859500	353	14.506461	3.059998	76.191574	11.761116	76.191574	11.761116
FAR09416_pass_b2a717df_1027.fast5	af0c083c-3115-4faf-a632-9506714fb33c	b2a717df255266c1428d6ef9ef7f36db102942b3	137	31	1	153715.035500	56.694000	45355	TRUE	153715.063000	45333	56.666500	23306	14.536910	3.166170	68.180382	9.374803	68.180382	9.374803
FAR09416_pass_b2a717df_1027.fast5	8c82f281-4419-480d-9900-548ce74bb15c	b2a717df255266c1428d6ef9ef7f36db102942b3	137	408	4	153853.487500	29.921250	23937	TRUE	153853.500000	23927	29.908750	8239	11.079814	2.722368	84.032318	10.397509	84.032318	10.397509
FAR09416_pass_b2a717df_680.fast5	477f3652-c6d4-4b5a-8585-ae3b69de4e1e	b2a717df255266c1428d6ef9ef7f36db102942b3	141	447	1	88865.705500	117.290000	93832	TRUE	88865.790500	93764	117.205000	45689	13.153779	3.064186	56.589718	7.670293	56.589718	7.670293
FAR09416_pass_b2a717df_961.fast5	a15f1d00-f56e-41da-bd5a-05112507276b	b2a717df255266c1428d6ef9ef7f36db102942b3	143	465	1	138788.695750	57.660000	46128	TRUE	138788.695750	46128	57.660000	21981	13.846986	3.082543	89.316299	10.397509	89.316299	10.397509
FAR09416_pass_b2a717df_798.fast5	5a8153f3-cc70-46a4-a9e3-6e4d997f517e	b2a717df255266c1428d6ef9ef7f36db102942b3	156	311	1	108164.738750	4.618500	3694	TRUE	108164.787500	3655	4.569750	1896	12.160351	3.092464	75.339325	9.545254	75.339325	9.545254
FAR09416_pass_b2a717df_575.fast5	7403395b-d871-4cf2-8a1e-ca70c848722e	b2a717df255266c1428d6ef9ef7f36db102942b3	169	493	3	73877.704000	2.958750	2367	TRUE	73877.725250	2350	2.937500	935	12.537413	2.904736	72.271202	10.908861	72.271202	10.908861
FAR09416_pass_b2a717df_1014.fast5	0fcc746b-fc72-4f96-a560-6e14965cbec8	b2a717df255266c1428d6ef9ef7f36db102942b3	172	425	1	150693.384500	9.384750	7507	TRUE	150693.412000	7485	9.357250	4343	10.027165	3.127162	83.520966	11.249763	83.520966	11.249763
FAR09416_pass_b2a717df_965.fast5	3bff61f8-c7f7-4824-bed7-a37be33fd50a	b2a717df255266c1428d6ef9ef7f36db102942b3	175	16	4	139579.286000	90.411750	72329	TRUE	139579.312250	72308	90.385500	33976	14.759221	3.142192	77.555183	9.545254	77.555183	9.545254
FAR09416_pass_b2a717df_201.fast5	e3f1e531-a6eb-4c83-ac1a-160bd45f5a4b	b2a717df255266c1428d6ef9ef7f36db102942b3	176	411	2	23837.652000	3.189000	2551	TRUE	23837.710750	2504	3.130250	1401	9.120968	3.089715	76.532478	8.692999	76.532478	8.692999
FAR09416_pass_b2a717df_594.fast5	ff2a2951-b527-47ff-bbad-56bcfe33ab3f	b2a717df255266c1428d6ef9ef7f36db102942b3	177	68	1	76513.211250	1.567500	1254	TRUE	76513.220000	1247	1.558750	578	12.879425	3.005936	76.021126	11.079312	76.021126	11.079312
FAR09416_pass_b2a717df_503.fast5	d06d392f-2295-46e7-baac-8f2bc103cf83	b2a717df255266c1428d6ef9ef7f36db102942b3	184	185	3	63688.277500	1.895500	1516	TRUE	63688.365000	1446	1.808000	582	9.435611	2.759623	58.123775	7.499842	58.123775	7.499842
FAR09416_pass_b2a717df_477.fast5	472dd148-b8b9-40ef-bc86-5d223eceb41d	b2a717df255266c1428d6ef9ef7f36db102942b3	188	307	1	60198.593750	7.642750	6114	TRUE	60198.630000	6085	7.606500	2989	13.762855	3.106448	70.396248	10.227057	70.396248	10.227057
FAR09416_pass_b2a717df_39.fast5	e52e41b9-3b29-45fc-a9a5-d16d5ccf05b7	b2a717df255266c1428d6ef9ef7f36db102942b3	197	191	2	4368.229500	28.853250	23082	TRUE	4368.242000	23072	28.840750	12555	14.796829	3.257493	67.498581	9.033900	67.498581	9.033900
FAR09416_pass_b2a717df_535.fast5	0c17531a-4600-43bb-8c40-41d4cb8b418d	b2a717df255266c1428d6ef9ef7f36db102942b3	199	300	2	68116.416250	19.205750	15364	TRUE	68116.451250	15336	19.170750	7292	12.913548	3.057950	63.748657	8.352097	63.748657	8.352097
FAR09416_pass_b2a717df_199.fast5	4a93631f-7968-4ffe-be65-e69685493690	b2a717df255266c1428d6ef9ef7f36db102942b3	217	180	2	23548.825000	25.469750	20375	TRUE	23548.836250	20366	25.458500	10117	12.718744	3.092909	74.487068	10.056606	74.487068	10.056606
FAR09416_pass_b2a717df_1022.fast5	bdce491c-3de9-4e31-b2db-b8886990ebfc	b2a717df255266c1428d6ef9ef7f36db102942b3	221	117	3	152712.650750	7.311000	5848	TRUE	152712.878250	5666	7.083500	2410	10.025513	2.838481	57.953323	8.352097	57.953323	8.352097
FAR09416_pass_b2a717df_62.fast5	06075970-0aa9-41a9-82e1-bfeb9b442f27	b2a717df255266c1428d6ef9ef7f36db102942b3	230	171	1	7123.665500	8.012750	6410	TRUE	7123.696750	6385	7.981500	2327	10.857909	2.744072	68.009933	9.545254	68.009933	9.545254
FAR09416_pass_b2a717df_809.fast5	43a72288-1458-4838-933c-1668d7d888e0	b2a717df255266c1428d6ef9ef7f36db102942b3	251	216	4	109960.400750	4.000250	3200	TRUE	109960.440750	3168	3.960250	1437	15.500672	3.050112	75.168869	8.863450	75.168869	8.863450
FAR09416_pass_b2a717df_408.fast5	9cc56740-cbb0-442e-b680-05ff392089c1	b2a717df255266c1428d6ef9ef7f36db102942b3	268	343	3	50759.712500	3.694500	2955	TRUE	50759.777500	2903	3.629500	1580	13.865246	3.196598	65.794067	7.670293	65.794067	7.670293
FAR09416_pass_b2a717df_894.fast5	de031004-2e62-4e4b-819a-5e7e70031185	b2a717df255266c1428d6ef9ef7f36db102942b3	276	167	2	125593.624000	23.389250	18711	TRUE	125593.644000	18695	23.369250	9021	11.807091	3.051852	78.407440	10.738410	78.407440	10.738410
FAR09416_pass_b2a717df_916.fast5	45c7fc0d-4b2e-4ee0-b0f2-7e94a318c8be	b2a717df255266c1428d6ef9ef7f36db102942b3	278	125	1	130106.061750	1.375500	1100	TRUE	130106.093000	1075	1.344250	539	10.340002	2.953464	55.907913	7.670293	55.907913	7.670293
FAR09416_pass_b2a717df_916.fast5	c951932d-d331-4eb8-a715-892dd95a3ba2	b2a717df255266c1428d6ef9ef7f36db102942b3	278	322	3	130108.694500	7.201750	5761	TRUE	130108.710750	5748	7.185500	2833	14.445195	3.078519	85.736832	11.761116	85.736832	11.761116
FAR09416_pass_b2a717df_323.fast5	50f4d9be-50ef-4f7c-b505-e6a136093a26	b2a717df255266c1428d6ef9ef7f36db102942b3	286	372	4	39615.569000	5.508750	4407	TRUE	39615.589000	4391	5.488750	1855	14.662812	2.982726	68.521286	9.545254	68.521286	9.545254
FAR09416_pass_b2a717df_323.fast5	e85d2a93-c62e-4c29-9110-7550c198c296	b2a717df255266c1428d6ef9ef7f36db102942b3	286	249	1	39591.523750	1.181500	945	TRUE	39591.542500	930	1.162750	538	9.267008	3.014960	65.794067	10.056606	65.794067	10.056606
FAR09416_pass_b2a717df_871.fast5	17656a4f-4756-4383-aabf-07640a8fcd5c	b2a717df255266c1428d6ef9ef7f36db102942b3	291	261	3	121166.234750	45.735750	36588	TRUE	121166.263500	36565	45.707000	18392	16.420696	3.177798	69.373535	9.374803	69.373535	9.374803
FAR09416_pass_b2a717df_871.fast5	d5efd4d0-dc24-4eab-8d5a-dfc2e92472ea	b2a717df255266c1428d6ef9ef7f36db102942b3	291	508	3	121078.400000	0.813000	650	TRUE	121078.458750	603	0.754250	302	15.370347	3.088168	74.657516	9.545254	74.657516	9.545254
FAR09416_pass_b2a717df_854.fast5	4e915451-cff8-4c5c-81e3-7b59cd5fa51e	b2a717df255266c1428d6ef9ef7f36db102942b3	293	68	4	117835.117500	3.637000	2909	TRUE	117835.171250	2866	3.583250	1498	13.686637	3.150997	76.021126	8.352097	76.021126	8.352097
FAR09416_pass_b2a717df_620.fast5	66b7dbc6-d270-457f-a5cc-2f669bc7f10a	b2a717df255266c1428d6ef9ef7f36db102942b3	298	508	4	80144.520250	3.388000	2710	TRUE	80144.570250	2670	3.338000	1255	16.772816	3.116441	75.850677	10.227057	75.850677	10.227057
FAR09416_pass_b2a717df_888.fast5	60aaee4f-2c37-4f87-8a5c-f8e11cf2b2c3	b2a717df255266c1428d6ef9ef7f36db102942b3	301	258	1	124467.644500	2.302750	1842	TRUE	124467.665750	1825	2.281500	976	10.975601	3.067605	99.372910	10.056606	99.372910	10.056606
FAR09416_pass_b2a717df_138.fast5	e90364c5-0a34-4c92-b830-85f0da6dd05b	b2a717df255266c1428d6ef9ef7f36db102942b3	302	366	1	15998.570000	30.696500	24557	TRUE	15998.598750	24534	30.667750	11939	15.755196	3.129654	73.805267	9.374803	73.805267	9.374803
FAR09416_pass_b2a717df_472.fast5	b92bf2a8-f220-402f-8775-39fc5432df7c	b2a717df255266c1428d6ef9ef7f36db102942b3	310	348	2	59498.104250	3.996250	3197	TRUE	59498.160500	3152	3.940000	1451	11.357548	2.960788	81.475555	8.522548	81.475555	8.522548
FAR09416_pass_b2a717df_808.fast5	9a2bacba-bae4-49cf-9060-a2fecaaf7359	b2a717df255266c1428d6ef9ef7f36db102942b3	321	51	3	109721.592000	10.196750	8157	TRUE	109721.610750	8142	10.178000	3866	15.285816	3.119456	84.032318	9.204351	84.032318	9.204351
FAR09416_pass_b2a717df_358.fast5	6678df68-71c3-4b7b-a603-146e1513f6db	b2a717df255266c1428d6ef9ef7f36db102942b3	354	83	1	44033.377250	7.867000	6293	TRUE	44033.497250	6197	7.747000	4222	13.502134	3.463692	73.293907	9.033900	73.293907	9.033900
FAR09416_pass_b2a717df_1117.fast5	5b8a225c-9a83-4e2b-9c4f-2724cc5caf2c	b2a717df255266c1428d6ef9ef7f36db102942b3	364	123	1	179535.810750	22.169500	17735	TRUE	179535.853250	17701	22.127000	8651	14.983080	3.114566	65.964523	8.181646	65.964523	8.181646
FAR09416_pass_b2a717df_352.fast5	329600a5-a7bf-4ff6-8847-8fc48c85e36a	b2a717df255266c1428d6ef9ef7f36db102942b3	366	60	3	43333.084500	29.875250	23900	TRUE	43333.095750	23891	29.864000	13341	10.362219	3.104934	75.680222	9.374803	75.680222	9.374803
FAR09416_pass_b2a717df_1102.fast5	a99a385f-4e3c-402b-b9c5-50ed2eafa878	b2a717df255266c1428d6ef9ef7f36db102942b3	372	444	1	173668.322500	0.945500	756	TRUE	173668.377500	712	0.890500	394	11.200097	3.090375	64.430458	8.011195	64.430458	8.011195
FAR09416_pass_b2a717df_133.fast5	9bbcbd15-23c7-4c0d-bad4-e9babc11b942	b2a717df255266c1428d6ef9ef7f36db102942b3	376	420	3	15367.079250	1.738500	1390	TRUE	15367.109250	1366	1.708500	769	11.837847	3.174588	75.168869	8.352097	75.168869	8.352097
FAR09416_pass_b2a717df_94.fast5	2c04b205-4fba-4916-8659-f3c2025d65e9	b2a717df255266c1428d6ef9ef7f36db102942b3	380	183	2	10677.552000	3.626250	2901	TRUE	10677.582000	2877	3.596250	1720	10.023033	3.164103	68.350830	8.011195	68.350830	8.011195
FAR09416_pass_b2a717df_1063.fast5	94cf9f7a-5776-46bb-8da4-1739018bc653	b2a717df255266c1428d6ef9ef7f36db102942b3	397	371	1	162625.431000	13.691750	10953	TRUE	162625.466000	10925	13.656750	6100	11.236785	3.159887	82.498260	11.079312	82.498260	11.079312
FAR09416_pass_b2a717df_796.fast5	26756fe1-3387-4dd8-8961-6813d3c3e14b	b2a717df255266c1428d6ef9ef7f36db102942b3	405	460	1	107739.796000	8.429500	6743	TRUE	107739.807250	6734	8.418250	4318	9.817818	3.239153	59.146481	6.818038	59.146481	6.818038
FAR09416_pass_b2a717df_1139.fast5	062bdef4-2634-42bc-b7d4-5c0993babde6	b2a717df255266c1428d6ef9ef7f36db102942b3	406	7	3	188120.186250	7.063250	5650	TRUE	188120.253750	5596	6.995750	2870	13.573206	3.106322	63.919109	8.692999	63.919109	8.692999
FAR09416_pass_b2a717df_866.fast5	6a1e9d91-8d26-47f0-a6bf-33d07d7031ff	b2a717df255266c1428d6ef9ef7f36db102942b3	407	179	1	120111.092750	12.430250	9944	TRUE	120111.112750	9928	12.410250	4176	14.686404	2.957778	73.975716	10.908861	73.975716	10.908861
FAR09416_pass_b2a717df_129.fast5	6183a307-859f-4a69-b1ab-3587a3447143	b2a717df255266c1428d6ef9ef7f36db102942b3	413	408	4	14946.590250	2.689000	2151	TRUE	14946.645250	2107	2.634000	933	14.402267	3.016309	68.350830	10.227057	68.350830	10.227057
FAR09416_pass_b2a717df_771.fast5	33c86cbb-2a3d-48f8-8463-500cfbc722a7	b2a717df255266c1428d6ef9ef7f36db102942b3	424	23	3	103615.678500	7.553750	6043	TRUE	103615.738500	5995	7.493750	3018	11.755114	3.051684	60.510090	8.863450	60.510090	8.863450
FAR09416_pass_b2a717df_132.fast5	062d62d7-6ad1-4ddb-a62f-6777e96f2e02	b2a717df255266c1428d6ef9ef7f36db102942b3	426	72	3	15185.424250	46.747750	37398	TRUE	15185.465500	37365	46.706500	19102	9.797738	3.071244	70.055344	9.545254	70.055344	9.545254
FAR09416_pass_b2a717df_132.fast5	1e11d81b-c8bd-479a-836f-f5d5b477e0fe	b2a717df255266c1428d6ef9ef7f36db102942b3	426	436	3	15230.147750	26.518250	21214	TRUE	15230.165250	21200	26.500750	10774	12.890155	3.117651	72.441658	10.056606	72.441658	10.056606
FAR09416_pass_b2a717df_388.fast5	8dcc8d51-a8ef-42ff-b8b4-090058b6a154	b2a717df255266c1428d6ef9ef7f36db102942b3	434	51	1	47980.058000	13.369500	10695	TRUE	47980.083000	10675	13.344500	6052	11.548771	3.226081	76.362030	9.374803	76.362030	9.374803
FAR09416_pass_b2a717df_1076.fast5	54679a29-f861-4158-a9b9-c6cd15092831	b2a717df255266c1428d6ef9ef7f36db102942b3	436	62	2	166098.444000	12.069750	9655	TRUE	166098.480250	9626	12.033500	4387	13.876034	3.013889	63.748657	7.670293	63.748657	7.670293
FAR09416_pass_b2a717df_746.fast5	bc0cdbe8-bdb7-4ac3-a091-39fe44710e51	b2a717df255266c1428d6ef9ef7f36db102942b3	442	128	2	99322.045750	0.590750	472	TRUE	99322.077000	447	0.559500	238	14.389956	3.106123	87.611794	8.522548	87.611794	8.522548
FAR09416_pass_b2a717df_746.fast5	5d718f07-2d92-4bdc-8e1f-87686a2355d0	b2a717df255266c1428d6ef9ef7f36db102942b3	442	500	3	99300.590750	19.508500	15606	TRUE	99300.678250	15536	19.421000	8123	14.159867	3.191042	81.816460	11.249763	81.816460	11.249763
FAR09416_pass_b2a717df_6.fast5	5b65b7f1-d44a-476e-8741-8b32c2f054fc	b2a717df255266c1428d6ef9ef7f36db102942b3	447	208	4	699.088000	2.533500	2026	TRUE	699.118000	2002	2.503500	1046	10.844460	3.069753	72.953011	11.079312	72.953011	11.079312
FAR09416_pass_b2a717df_992.fast5	40faac34-2281-4f37-9b26-b3fdfa4906c7	b2a717df255266c1428d6ef9ef7f36db102942b3	450	30	1	145521.263000	4.730000	3784	TRUE	145521.285500	3766	4.707500	1603	16.723907	2.978070	63.919109	7.499842	63.919109	7.499842
FAR09416_pass_b2a717df_641.fast5	6dabb7af-b9bf-4f93-8e43-e07060396d33	b2a717df255266c1428d6ef9ef7f36db102942b3	451	118	1	83104.857000	1.124000	899	TRUE	83104.857000	899	1.124000	439	10.761433	2.957022	63.919109	7.670293	63.919109	7.670293
FAR09416_pass_b2a717df_720.fast5	01f48da2-2993-4f1b-94aa-61bf808f0c48	b2a717df255266c1428d6ef9ef7f36db102942b3	464	174	2	95189.579750	30.086000	24068	TRUE	95189.606000	24047	30.059750	11823	15.143690	3.146670	75.168869	9.204351	75.168869	9.204351
FAR09416_pass_b2a717df_298.fast5	0e9e844f-f380-4585-8347-b24e915c3e28	b2a717df255266c1428d6ef9ef7f36db102942b3	465	472	2	36210.872500	5.946250	4757	TRUE	36210.911250	4726	5.907500	2314	14.826523	3.113334	69.543991	7.670293	69.543991	7.670293
FAR09416_pass_b2a717df_885.fast5	517ce8ff-3f4c-4869-a74e-c7016871d0ab	b2a717df255266c1428d6ef9ef7f36db102942b3	468	479	1	123892.732750	8.323750	6659	TRUE	123892.755250	6641	8.301250	4230	13.061660	3.391837	81.816460	9.033900	81.816460	9.033900
FAR09416_pass_b2a717df_492.fast5	7dac8127-b1f9-4094-bfe9-5bed7a895967	b2a717df255266c1428d6ef9ef7f36db102942b3	469	17	2	62281.572000	30.965500	24772	TRUE	62281.587000	24760	30.950500	13813	15.298841	3.275807	86.418633	10.397509	86.418633	10.397509
FAR09416_pass_b2a717df_168.fast5	a94e3995-bd9b-42af-8e4e-9e3663843051	b2a717df255266c1428d6ef9ef7f36db102942b3	475	265	1	19733.146000	17.569250	14055	TRUE	19733.177250	14030	17.538000	6472	14.025011	3.041384	74.657516	10.567959	74.657516	10.567959
FAR09416_pass_b2a717df_1073.fast5	868ede95-469d-48c8-8180-9cfdeadd453d	b2a717df255266c1428d6ef9ef7f36db102942b3	476	327	2	165282.026500	5.802250	4641	TRUE	165282.026500	4641	5.802250	2038	11.785856	2.932581	74.657516	10.567959	74.657516	10.567959
FAR09416_pass_b2a717df_192.fast5	7086ab9d-25c5-4a37-8599-df4f3c460c4b	b2a717df255266c1428d6ef9ef7f36db102942b3	483	9	4	22700.452250	12.600250	10080	TRUE	22700.482250	10056	12.570250	1652	13.715384	2.401550	71.589401	10.738410	71.589401	10.738410
FAR09416_pass_b2a717df_723.fast5	c3edc4ff-a8c8-4f6b-8345-edcf018093ea	b2a717df255266c1428d6ef9ef7f36db102942b3	489	116	1	95737.507250	6.165750	4932	TRUE	95737.546000	4901	6.127000	2314	12.688037	3.014714	66.475876	10.056606	66.475876	10.056606
FAR09416_pass_b2a717df_573.fast5	da7eb18b-06f3-4987-a26a-6419a2ba5205	b2a717df255266c1428d6ef9ef7f36db102942b3	504	236	4	73619.845000	0.981750	785	TRUE	73619.895000	745	0.931750	417	10.959413	3.132065	77.725639	8.692999	77.725639	8.692999
FAR09416_pass_b2a717df_824.fast5	8b925598-8cbc-4116-8402-787866aea503	b2a717df255266c1428d6ef9ef7f36db102942b3	506	425	2	112624.775000	1.855000	1484	TRUE	112624.788750	1473	1.841250	653	9.573738	2.848511	58.976032	8.863450	58.976032	8.863450
FAR09416_pass_b2a717df_1059.fast5	1327a939-239b-4bcb-b5e8-d261a5c5036e	b2a717df255266c1428d6ef9ef7f36db102942b3	525	428	1	161668.618500	3.950750	3160	TRUE	161668.649750	3135	3.919500	1413	11.828136	2.967315	87.270889	10.738410	87.270889	10.738410
FAR09416_pass_b2a717df_303.fast5	054248ed-f6e0-48fe-bc48-61ca7129266d	b2a717df255266c1428d6ef9ef7f36db102942b3	526	320	1	36860.177750	5.997750	4798	TRUE	36860.204000	4777	5.971500	2132	15.644481	3.021857	66.305420	10.056606	66.305420	10.056606
FAR09416_pass_b2a717df_58.fast5	35cae477-bc0e-4f07-9b1d-e4e974a394ea	b2a717df255266c1428d6ef9ef7f36db102942b3	539	50	1	6642.088750	8.348000	6678	TRUE	6642.128750	6646	8.308000	2887	9.345304	2.847487	68.862183	10.227057	68.862183	10.227057
FAR09416_pass_b2a717df_781.fast5	db5f50d2-a6ff-4ea3-9981-4a32ce600a04	b2a717df255266c1428d6ef9ef7f36db102942b3	548	171	1	105240.676500	21.203500	16962	TRUE	105240.686500	16954	21.193500	6714	9.386848	2.755652	55.907913	7.499842	55.907913	7.499842
FAR09416_pass_b2a717df_1111.fast5	90267ed0-9c54-40b6-a1dd-8b1bf36ce4e2	b2a717df255266c1428d6ef9ef7f36db102942b3	559	333	3	176794.759750	32.857500	26286	TRUE	176794.799750	26254	32.817500	11619	16.309942	3.054905	80.452850	11.079312	80.452850	11.079312
FAR09416_pass_b2a717df_564.fast5	ef7f11ee-8939-459e-b8e2-0e50e9a9f5bb	b2a717df255266c1428d6ef9ef7f36db102942b3	566	351	4	72164.486750	4.548500	3638	TRUE	72164.520500	3611	4.514750	2019	9.720297	3.073337	67.328125	10.227057	67.328125	10.227057
FAR09416_pass_b2a717df_564.fast5	6b92d72c-f192-46d1-9a3e-66b9d75ea781	b2a717df255266c1428d6ef9ef7f36db102942b3	566	147	4	72185.898750	5.869750	4695	TRUE	72185.992500	4620	5.776000	2381	15.062049	3.161860	62.044147	7.158940	62.044147	7.158940
FAR09416_pass_b2a717df_229.fast5	42b5f120-05cc-41fc-969a-8ce726cc49fe	b2a717df255266c1428d6ef9ef7f36db102942b3	574	2	1	27325.762500	11.976250	9581	TRUE	27325.781250	9566	11.957500	4128	13.884823	2.960384	71.759850	10.567959	71.759850	10.567959
FAR09416_pass_b2a717df_540.fast5	9c503e17-1e8c-4549-bbbd-36bd46d46e3f	b2a717df255266c1428d6ef9ef7f36db102942b3	577	37	4	68929.196250	3.290000	2632	TRUE	68929.205000	2625	3.281250	1515	12.136885	3.194597	77.214279	8.522548	77.214279	8.522548
FAR09416_pass_b2a717df_335.fast5	56e4c791-9a97-4a05-bd42-c05647dea1d5	b2a717df255266c1428d6ef9ef7f36db102942b3	584	429	2	41130.398250	3.832750	3066	TRUE	41130.443250	3030	3.787750	1598	14.472444	3.205067	73.464363	8.522548	73.464363	8.522548
FAR09416_pass_b2a717df_868.fast5	409283f9-9615-4208-9543-5371822ccd42	b2a717df255266c1428d6ef9ef7f36db102942b3	597	163	2	120549.349750	6.446000	5156	TRUE	120549.349750	5156	6.446000	2442	15.134534	3.093793	71.248497	8.181646	71.248497	8.181646
FAR09416_pass_b2a717df_817.fast5	ed01549a-9f4b-4e02-9efb-ac72043610d8	b2a717df255266c1428d6ef9ef7f36db102942b3	598	357	4	111237.239000	7.807000	6245	TRUE	111237.266500	6223	7.779500	3033	11.129009	3.023710	80.793755	8.522548	80.793755	8.522548
FAR09416_pass_b2a717df_756.fast5	d4a53bb3-efb4-4280-ae22-90bf7e92d806	b2a717df255266c1428d6ef9ef7f36db102942b3	599	345	3	101029.934750	22.332000	17865	TRUE	101029.988500	17822	22.278250	7692	13.458194	2.972090	77.214279	9.715705	77.214279	9.715705
FAR09416_pass_b2a717df_884.fast5	bc79a61b-8a8c-4fac-bee9-4237da2f9e7d	b2a717df255266c1428d6ef9ef7f36db102942b3	600	239	2	123449.170500	72.958750	58367	TRUE	123449.204250	58340	72.925000	27691	9.268401	2.927079	62.725952	8.352097	62.725952	8.352097
FAR09416_pass_b2a717df_1017.fast5	41555f9b-0e15-4552-b244-8760ffb2dffa	b2a717df255266c1428d6ef9ef7f36db102942b3	607	181	3	151418.602500	6.338000	5070	TRUE	151418.627500	5050	6.313000	2434	14.686630	3.088098	79.430145	10.908861	79.430145	10.908861
FAR09416_pass_b2a717df_1118.fast5	e6ea6409-1281-4675-80d4-f7d251c72bdb	b2a717df255266c1428d6ef9ef7f36db102942b3	619	510	3	179826.530000	9.432250	7545	TRUE	179826.538750	7538	9.423500	3218	13.989425	2.928685	63.237305	9.886155	63.237305	9.886155
FAR09416_pass_b2a717df_451.fast5	a4a03a97-be3c-4c0b-920b-fafe228b4556	b2a717df255266c1428d6ef9ef7f36db102942b3	621	392	3	56686.522750	12.453250	9962	TRUE	56686.554000	9937	12.422000	4482	13.903095	3.018414	65.112267	9.886155	65.112267	9.886155
FAR09416_pass_b2a717df_890.fast5	8b6b0e79-3e4c-4509-9e37-626ab7b1672f	b2a717df255266c1428d6ef9ef7f36db102942b3	635	502	2	124837.296500	16.324500	13059	TRUE	124837.324000	13037	16.297000	6080	16.464266	3.070862	66.646324	9.204351	66.646324	9.204351
FAR09416_pass_b2a717df_169.fast5	beb3b2cf-91cc-458d-ab3b-ac36e1a1f5fe	b2a717df255266c1428d6ef9ef7f36db102942b3	641	446	3	19780.449500	26.151250	20921	TRUE	19780.489500	20889	26.111250	12347	14.911545	3.324123	69.543991	9.204351	69.543991	9.204351
FAR09416_pass_b2a717df_688.fast5	d2dd923d-771a-4b66-927d-5c9d26e4e7f2	b2a717df255266c1428d6ef9ef7f36db102942b3	642	275	2	90284.219250	38.488250	30790	TRUE	90284.265500	30753	38.442000	15414	11.161796	3.108320	71.078049	9.545254	71.078049	9.545254
FAR09416_pass_b2a717df_814.fast5	70b806dd-0a1c-4107-babb-43547b7a79cc	b2a717df255266c1428d6ef9ef7f36db102942b3	644	291	2	110854.005250	2.166750	1733	TRUE	110854.020250	1721	2.151750	826	10.793931	2.983328	76.191574	10.056606	76.191574	10.056606
FAR09416_pass_b2a717df_814.fast5	3e26fa1d-ce83-4e9b-8117-14194f1ad68e	b2a717df255266c1428d6ef9ef7f36db102942b3	644	492	1	110744.609250	10.207250	8165	TRUE	110744.639250	8141	10.177250	3659	10.968977	2.952143	77.043831	11.079312	77.043831	11.079312
FAR09416_pass_b2a717df_464.fast5	dd6326cb-47ae-4f0a-b52f-9661217053df	b2a717df255266c1428d6ef9ef7f36db102942b3	647	34	2	58401.599000	6.848250	5478	TRUE	58401.632750	5451	6.814500	3570	13.748574	3.439874	84.543671	9.033900	84.543671	9.033900
FAR09416_pass_b2a717df_378.fast5	9aa504b1-6e73-46de-b7b6-0abc09005e27	b2a717df255266c1428d6ef9ef7f36db102942b3	648	159	3	46798.148000	9.743250	7794	TRUE	46798.181750	7767	9.709500	3402	14.895865	3.004796	70.907600	10.567959	70.907600	10.567959
FAR09416_pass_b2a717df_1137.fast5	fb96dc9b-313a-43bb-8c8b-d3d2a0da8edc	b2a717df255266c1428d6ef9ef7f36db102942b3	651	269	4	186909.411500	1.439750	1151	TRUE	186909.432750	1134	1.418500	329	15.729081	2.666289	89.827652	10.738410	89.827652	10.738410
FAR09416_pass_b2a717df_840.fast5	d9f6ccce-d498-40cb-ae47-231926adc77f	b2a717df255266c1428d6ef9ef7f36db102942b3	660	393	1	115481.080750	1.665750	1332	TRUE	115481.093250	1322	1.653250	673	10.576154	2.976307	78.066536	11.249763	78.066536	11.249763
FAR09416_pass_b2a717df_1167.fast5	4bfeb244-bed8-4cff-8719-a6d9fcf07875	b2a717df255266c1428d6ef9ef7f36db102942b3	667	503	2	208828.726000	5.984500	4787	TRUE	208828.746000	4771	5.964500	2247	13.643212	3.068127	88.123146	10.056606	88.123146	10.056606
FAR09416_pass_b2a717df_20.fast5	39d9cf23-de5f-4ac2-8199-bb49564f4193	b2a717df255266c1428d6ef9ef7f36db102942b3	669	301	2	2224.170250	1.059500	847	TRUE	2224.192750	829	1.037000	420	15.049475	3.115362	71.078049	8.522548	71.078049	8.522548
FAR09416_pass_b2a717df_377.fast5	ad18680d-8cf9-4f33-b020-cb2f64b2bd9d	b2a717df255266c1428d6ef9ef7f36db102942b3	677	463	1	46686.842500	12.308500	9846	TRUE	46686.908750	9793	12.242250	4195	13.483454	2.975533	68.691734	10.227057	68.691734	10.227057
FAR09416_pass_b2a717df_1091.fast5	6e258f78-44f1-4abb-b96a-dd0b24b6491f	b2a717df255266c1428d6ef9ef7f36db102942b3	678	229	2	170355.137250	2.404000	1923	TRUE	170355.156000	1908	2.385250	1028	15.396224	3.173111	85.055023	9.545254	85.055023	9.545254
FAR09416_pass_b2a717df_256.fast5	5b08722c-46cc-4f71-8932-c9344d8dffff	b2a717df255266c1428d6ef9ef7f36db102942b3	687	389	3	30809.872750	18.552000	14841	TRUE	30809.911500	14810	18.513250	7295	16.355564	3.162906	74.657516	9.715705	74.657516	9.715705
FAR09416_pass_b2a717df_601.fast5	6fba37e5-83ff-4e13-a0ac-00631f7b4c77	b2a717df255266c1428d6ef9ef7f36db102942b3	698	508	3	77427.700500	20.333750	16267	TRUE	77427.728000	16245	20.306250	7908	16.276739	3.134523	74.998421	10.397509	74.998421	10.397509
FAR09416_pass_b2a717df_232.fast5	69e56c6c-f63c-49a8-9d5f-c4bfea854d0e	b2a717df255266c1428d6ef9ef7f36db102942b3	710	6	1	27716.237500	29.377750	23502	TRUE	27716.262500	23482	29.352750	11561	15.263615	3.149725	71.248497	8.692999	71.248497	8.692999
FAR09416_pass_b2a717df_232.fast5	e9786aaf-9fa7-4dbb-98e1-25231a763d49	b2a717df255266c1428d6ef9ef7f36db102942b3	710	6	1	27745.713250	27.873750	22299	TRUE	27745.728250	22287	27.858750	11494	15.291400	3.188347	69.714439	9.715705	69.714439	9.715705
FAR09416_pass_b2a717df_1101.fast5	c082b739-57e6-4c84-a996-dd7aa382feec	b2a717df255266c1428d6ef9ef7f36db102942b3	725	115	3	173500.579750	3.297250	2637	TRUE	173500.613500	2610	3.263500	1340	12.645578	3.071330	87.952690	11.931567	87.952690	11.931567
FAR09416_pass_b2a717df_1086.fast5	8177f4f6-b1f2-4d36-bd48-e7bcfc65e819	b2a717df255266c1428d6ef9ef7f36db102942b3	737	16	4	169153.460750	9.896000	7916	TRUE	169153.600750	7804	9.756000	3224	11.199303	2.863681	57.101070	9.033900	57.101070	9.033900
FAR09416_pass_b2a717df_1068.fast5	a566fcda-1dd8-4819-94e4-4e80d470cc08	b2a717df255266c1428d6ef9ef7f36db102942b3	739	221	2	163993.122000	0.864000	691	TRUE	163993.122000	691	0.864000	338	13.012196	3.032923	79.600594	12.102017	79.600594	12.102017
FAR09416_pass_b2a717df_195.fast5	3b1392d1-9c2e-4b87-a2ce-ba7b18cf0e1c	b2a717df255266c1428d6ef9ef7f36db102942b3	748	408	1	23110.356500	28.285250	22628	TRUE	23110.410250	22585	28.231500	9452	15.625556	2.996707	75.680222	10.397509	75.680222	10.397509
FAR09416_pass_b2a717df_195.fast5	fbf59a79-92c8-4a68-a3a2-f47e06a98f67	b2a717df255266c1428d6ef9ef7f36db102942b3	748	33	1	23077.520500	8.007250	6405	TRUE	23077.565500	6369	7.962250	3389	11.334454	3.122595	72.271202	10.397509	72.271202	10.397509
FAR09416_pass_b2a717df_18.fast5	4b2ded32-feb0-4c77-95b0-0d06c725e978	b2a717df255266c1428d6ef9ef7f36db102942b3	758	177	4	2020.260750	13.041500	10433	TRUE	2020.280750	10417	13.021500	5103	15.854706	3.148365	72.271202	8.352097	72.271202	8.352097
FAR09416_pass_b2a717df_739.fast5	c5620dd7-c24a-47d4-84c1-f4eaff1064d9	b2a717df255266c1428d6ef9ef7f36db102942b3	760	444	1	98241.275000	25.197750	20158	TRUE	98241.295000	20142	25.177750	10040	13.826250	3.125164	84.884575	11.420214	84.884575	11.420214
FAR09416_pass_b2a717df_1052.fast5	641d21a1-0fc9-4ec4-99f5-291c8c984232	b2a717df255266c1428d6ef9ef7f36db102942b3	762	213	2	159773.749500	1.605500	1284	TRUE	159773.823250	1225	1.531750	607	12.731489	3.025178	73.634811	9.886155	73.634811	9.886155
FAR09416_pass_b2a717df_548.fast5	eafe5cf7-e752-4f11-b77c-be4b1db98093	b2a717df255266c1428d6ef9ef7f36db102942b3	772	446	4	69989.299250	6.671000	5336	TRUE	69989.329250	5312	6.641000	2286	14.382555	2.953230	74.487068	10.908861	74.487068	10.908861
FAR09416_pass_b2a717df_654.fast5	c08b23ae-13f9-4e89-9657-7c670af879fd	b2a717df255266c1428d6ef9ef7f36db102942b3	775	115	3	85198.169500	4.984000	3987	TRUE	85198.222000	3945	4.931500	2049	13.176313	3.185273	79.771049	8.863450	79.771049	8.863450
FAR09416_pass_b2a717df_893.fast5	3480d5e0-9e5a-42bb-8f48-7dfdc62357a9	b2a717df255266c1428d6ef9ef7f36db102942b3	784	291	2	125522.456250	17.792000	14233	TRUE	125522.517500	14184	17.730750	6498	15.303143	3.068847	73.805267	10.227057	73.805267	10.227057
FAR09416_pass_b2a717df_512.fast5	fcad6265-7b0e-40b7-9b2c-532f3f4024de	b2a717df255266c1428d6ef9ef7f36db102942b3	785	466	1	64894.641750	12.616750	10093	TRUE	64894.675500	10066	12.583000	5338	12.847883	3.173061	78.066536	9.715705	78.066536	9.715705
FAR09416_pass_b2a717df_968.fast5	70e3a27f-53ba-442b-b3f4-ab2be3a86aa9	b2a717df255266c1428d6ef9ef7f36db102942b3	786	419	3	140198.552000	2.918250	2334	TRUE	140198.588250	2305	2.882000	1068	15.033391	3.033714	61.532795	9.715705	61.532795	9.715705
FAR09416_pass_b2a717df_619.fast5	9f96c824-5c4e-477e-9af5-6882e4a77fe1	b2a717df255266c1428d6ef9ef7f36db102942b3	788	373	1	80066.470000	5.844500	4675	TRUE	80066.522500	4633	5.792000	2009	16.326761	3.001169	65.623619	10.397509	65.623619	10.397509
FAR09416_pass_b2a717df_468.fast5	d20e317d-7d89-4c33-9042-877961b2f7b3	b2a717df255266c1428d6ef9ef7f36db102942b3	795	81	1	58892.623000	19.833500	15866	TRUE	58892.670500	15828	19.786000	7332	14.366872	3.057131	79.089241	10.397509	79.089241	10.397509
FAR09416_pass_b2a717df_553.fast5	486b7b47-7be9-4636-b7cc-7adfca2468ea	b2a717df255266c1428d6ef9ef7f36db102942b3	798	352	3	70734.020000	5.186250	4149	TRUE	70734.076250	4104	5.130000	1921	11.818683	3.008646	52.498894	7.329391	52.498894	7.329391
FAR09416_pass_b2a717df_1115.fast5	b33419a8-beab-46b2-a0a6-5a76addb49af	b2a717df255266c1428d6ef9ef7f36db102942b3	799	336	1	178426.705750	22.643000	18114	TRUE	178426.729500	18095	22.619250	8572	14.232468	3.088421	90.850357	11.420214	90.850357	11.420214
FAR09416_pass_b2a717df_928.fast5	9630c956-4f76-4929-9037-567504517a3c	b2a717df255266c1428d6ef9ef7f36db102942b3	801	310	3	132569.180500	8.570250	6856	TRUE	132569.264250	6789	8.486500	3596	16.105211	3.239262	77.555183	8.692999	77.555183	8.692999
FAR09416_pass_b2a717df_91.fast5	a1b25e5e-74d6-4682-b198-ab0b671d2e38	b2a717df255266c1428d6ef9ef7f36db102942b3	807	20	2	10340.066750	38.884250	31107	TRUE	10340.130500	31056	38.820500	16362	11.051900	3.101553	66.305420	8.863450	66.305420	8.863450
FAR09416_pass_b2a717df_91.fast5	0ed57bd6-d969-455f-9a77-d65cf79db429	b2a717df255266c1428d6ef9ef7f36db102942b3	807	254	1	10242.903500	123.820250	99056	TRUE	10242.926000	99038	123.797750	50449	11.953348	3.105097	66.134972	8.522548	66.134972	8.522548
FAR09416_pass_b2a717df_297.fast5	8870251d-60c0-409c-afe5-e28c9a92d4cb	b2a717df255266c1428d6ef9ef7f36db102942b3	810	504	4	36033.408750	74.152250	59321	TRUE	36033.423750	59309	74.137250	27500	16.708399	3.105631	70.055344	9.545254	70.055344	9.545254
FAR09416_pass_b2a717df_623.fast5	526baf0f-9204-4268-8c40-3a95559cb88f	b2a717df255266c1428d6ef9ef7f36db102942b3	813	419	4	80557.794250	12.647250	10117	TRUE	80557.825500	10092	12.616000	4652	14.741080	3.096840	75.850677	9.545254	75.850677	9.545254
FAR09416_pass_b2a717df_623.fast5	701d27f0-af1a-4cf0-a5f8-174432b74a9b	b2a717df255266c1428d6ef9ef7f36db102942b3	813	425	1	80581.979000	0.935000	748	TRUE	80581.979000	748	0.935000	429	12.235469	3.173458	84.032318	9.033900	84.032318	9.033900
FAR09416_pass_b2a717df_623.fast5	70ffa962-af47-414d-9963-9766de5bf006	b2a717df255266c1428d6ef9ef7f36db102942b3	813	485	1	80486.748000	35.289000	28231	TRUE	80486.799250	28190	35.237750	14732	15.718672	3.201358	72.271202	9.715705	72.271202	9.715705
FAR09416_pass_b2a717df_198.fast5	57a3802d-354d-4bc7-8660-72e9ec73c734	b2a717df255266c1428d6ef9ef7f36db102942b3	819	420	3	23535.740500	1.493750	1195	TRUE	23535.824250	1128	1.410000	627	10.692253	3.080031	73.805267	8.692999	73.805267	8.692999
FAR09416_pass_b2a717df_758.fast5	2e7ae357-fb9c-44f9-91c1-f7df5bbcdd02	b2a717df255266c1428d6ef9ef7f36db102942b3	821	373	3	101459.082250	33.531750	26825	TRUE	101459.154750	26767	33.459250	12568	14.509455	3.083380	67.328125	9.374803	67.328125	9.374803
FAR09416_pass_b2a717df_280.fast5	9ea687f7-be97-47e3-90fd-d866210558c9	b2a717df255266c1428d6ef9ef7f36db102942b3	829	114	4	33951.082750	7.849000	6279	TRUE	33951.131500	6240	7.800250	2878	13.711610	3.032130	69.543991	9.374803	69.543991	9.374803
FAR09416_pass_b2a717df_613.fast5	0be27797-031a-49ae-8550-3915444f1f1e	b2a717df255266c1428d6ef9ef7f36db102942b3	833	69	1	79196.050000	3.344750	2675	TRUE	79196.090000	2643	3.304750	1319	12.275179	3.119897	79.941498	9.204351	79.941498	9.204351
FAR09416_pass_b2a717df_231.fast5	c04de8c0-f172-407c-bf50-0c79ebbdbedb	b2a717df255266c1428d6ef9ef7f36db102942b3	834	29	1	27615.262250	1.156250	925	TRUE	27615.262250	925	1.156250	523	9.451497	3.029057	68.350830	10.227057	68.350830	10.227057
FAR09416_pass_b2a717df_75.fast5	6413e987-d21d-420f-9fe7-da72c049e365	b2a717df255266c1428d6ef9ef7f36db102942b3	845	146	4	8546.639250	2.215000	1772	TRUE	8546.689250	1732	2.165000	807	13.710452	2.987723	69.714439	9.715705	69.714439	9.715705
FAR09416_pass_b2a717df_299.fast5	c93b56ef-1d23-48ca-b105-d66fe3da1af9	b2a717df255266c1428d6ef9ef7f36db102942b3	848	4	3	36457.080000	4.959500	3967	TRUE	36457.105000	3947	4.934500	1991	16.805185	3.215478	72.612106	8.352097	72.612106	8.352097
FAR09416_pass_b2a717df_299.fast5	ff7b87c0-5dc1-446f-9a9d-3f832b7cf084	b2a717df255266c1428d6ef9ef7f36db102942b3	848	456	3	36424.266750	4.986500	3989	TRUE	36424.305500	3958	4.947750	2107	13.343740	3.200099	69.543991	8.352097	69.543991	8.352097
FAR09416_pass_b2a717df_807.fast5	a0aeebae-95d5-4ffa-b311-405d801ede57	b2a717df255266c1428d6ef9ef7f36db102942b3	852	168	2	109717.873500	0.971750	777	TRUE	109717.919750	740	0.925500	327	12.191995	2.910438	75.168869	11.249763	75.168869	11.249763
FAR09416_pass_b2a717df_513.fast5	884ce641-7483-4f6f-8d8d-b7bdafab8ad4	b2a717df255266c1428d6ef9ef7f36db102942b3	866	147	4	65000.294500	38.658750	30927	TRUE	65000.352000	30881	38.601250	15069	15.685204	3.119151	60.680542	8.352097	60.680542	8.352097
FAR09416_pass_b2a717df_411.fast5	ffb11d49-3815-4d2b-b120-1a7ce8ca31c9	b2a717df255266c1428d6ef9ef7f36db102942b3	875	372	4	51097.954500	11.734000	9387	TRUE	51097.985750	9362	11.702750	3455	14.213120	2.851561	69.373535	10.056606	69.373535	10.056606
FAR09416_pass_b2a717df_518.fast5	5cf0b49d-0371-43f0-9de1-e1db848b0880	b2a717df255266c1428d6ef9ef7f36db102942b3	888	260	1	65698.646500	25.138500	20110	TRUE	65698.686500	20078	25.098500	9406	13.241847	3.055627	65.794067	8.352097	65.794067	8.352097
FAR09416_pass_b2a717df_536.fast5	c56d5a1b-9771-42f3-8f9b-df95ca88ca9b	b2a717df255266c1428d6ef9ef7f36db102942b3	889	374	4	68292.501750	11.825250	9460	TRUE	68292.524250	9442	11.802750	3829	16.069786	2.894767	85.566383	10.738410	85.566383	10.738410
FAR09416_pass_b2a717df_969.fast5	9dc36d37-89b3-489e-a340-5f863f2a2070	b2a717df255266c1428d6ef9ef7f36db102942b3	897	39	1	140622.651750	2.857750	2286	TRUE	140622.660500	2279	2.849000	1254	11.150118	3.121100	82.839165	8.522548	82.839165	8.522548
FAR09416_pass_b2a717df_728.fast5	3118a552-d296-4a31-b280-c3689cc0b41e	b2a717df255266c1428d6ef9ef7f36db102942b3	916	179	1	96460.183500	2.926500	2341	TRUE	96460.209750	2320	2.900250	1198	16.917053	3.215995	78.407440	8.863450	78.407440	8.863450
FAR09416_pass_b2a717df_27.fast5	d83fff6a-fe90-4fbd-a23f-d58f582d8af5	b2a717df255266c1428d6ef9ef7f36db102942b3	930	76	4	3053.605250	13.993000	11194	TRUE	3053.605250	11194	13.993000	6010	9.429660	3.136779	73.464363	10.227057	73.464363	10.227057
FAR09416_pass_b2a717df_955.fast5	2d34585e-eabc-4f55-9386-ae8c11a1b333	b2a717df255266c1428d6ef9ef7f36db102942b3	934	26	1	137679.134000	5.364500	4291	TRUE	137679.150250	4278	5.348250	2101	15.032929	3.152588	93.066223	9.374803	93.066223	9.374803
FAR09416_pass_b2a717df_1071.fast5	fefe1eff-2eef-4cbc-8ba2-36dd70357c30	b2a717df255266c1428d6ef9ef7f36db102942b3	937	136	4	164757.386250	14.399000	11519	TRUE	164757.412500	11498	14.372750	5650	17.239460	3.175463	89.316299	9.715705	89.316299	9.715705
FAR09416_pass_b2a717df_59.fast5	363a79cb-678f-41b9-b33d-5bc1fc3d09d8	b2a717df255266c1428d6ef9ef7f36db102942b3	938	287	1	6757.321500	32.431500	25945	TRUE	6757.352750	25920	32.400250	14453	12.517162	3.213109	69.884895	9.204351	69.884895	9.204351
FAR09416_pass_b2a717df_725.fast5	e1128bd0-3483-497a-89c8-c9d488eeea11	b2a717df255266c1428d6ef9ef7f36db102942b3	942	220	4	96108.826750	2.806000	2244	TRUE	96108.849250	2226	2.783500	1294	12.509617	3.247693	73.464363	9.545254	73.464363	9.545254
FAR09416_pass_b2a717df_1119.fast5	a425d822-602f-40b9-a178-f679f4f3f010	b2a717df255266c1428d6ef9ef7f36db102942b3	951	507	1	180303.874250	18.478250	14782	TRUE	180303.906750	14756	18.445750	6923	14.416848	3.092443	86.589088	9.715705	86.589088	9.715705
FAR09416_pass_b2a717df_954.fast5	ced701c8-b7d8-437e-9644-eaadec878721	b2a717df255266c1428d6ef9ef7f36db102942b3	956	373	2	137473.327500	4.699500	3759	TRUE	137473.345000	3745	4.682000	1812	14.307956	3.096880	97.157043	9.886155	97.157043	9.886155
FAR09416_pass_b2a717df_29.fast5	f39ce6dc-beb8-4242-bdb5-3d796e88f517	b2a717df255266c1428d6ef9ef7f36db102942b3	958	86	4	3268.426750	14.503250	11602	TRUE	3268.436750	11594	14.493250	5167	12.977562	2.973176	66.134972	9.886155	66.134972	9.886155
FAR09416_pass_b2a717df_290.fast5	4b7ff6bd-934a-439f-b722-c6ae90eef26f	b2a717df255266c1428d6ef9ef7f36db102942b3	966	214	4	35276.693000	2.090750	1672	TRUE	35276.724250	1647	2.059500	790	17.047153	3.074847	74.827972	9.033900	74.827972	9.033900
FAR09416_pass_b2a717df_1121.fast5	f3c40f1d-51cb-4546-9afa-4b5b7a58ec3d	b2a717df255266c1428d6ef9ef7f36db102942b3	969	17	2	180619.239500	4.532250	3625	TRUE	180619.263250	3606	4.508500	1834	12.911212	3.059865	93.066223	11.590665	93.066223	11.590665
FAR09416_pass_b2a717df_1121.fast5	39c71b33-77f2-41db-930c-8f987cbdb2dd	b2a717df255266c1428d6ef9ef7f36db102942b3	969	479	2	180811.139500	2.396000	1916	TRUE	180811.162000	1898	2.373500	796	16.400137	2.935652	91.532166	12.783822	91.532166	12.783822
FAR09416_pass_b2a717df_1057.fast5	22599e98-3e92-40a5-b0ad-dbf9b9986dc1	b2a717df255266c1428d6ef9ef7f36db102942b3	970	299	2	161157.368000	5.715500	4572	TRUE	161157.385500	4558	5.698000	2218	11.926160	3.066037	79.600594	11.420214	79.600594	11.420214
FAR09416_pass_b2a717df_588.fast5	09ee6e0c-fdc9-42bf-aa12-e4c62631e15a	b2a717df255266c1428d6ef9ef7f36db102942b3	983	212	3	75658.549750	8.968250	7174	TRUE	75658.561000	7165	8.957000	3342	10.646823	2.997492	78.748344	9.715705	78.748344	9.715705
FAR09416_pass_b2a717df_125.fast5	4d329471-2d25-4a89-bed5-adff200a8c8f	b2a717df255266c1428d6ef9ef7f36db102942b3	984	81	3	14416.740250	60.600250	48480	TRUE	14416.764000	48461	60.576500	22662	15.867718	3.083513	81.134651	9.374803	81.134651	9.374803
FAR09416_pass_b2a717df_337.fast5	72dacef4-6606-4d6e-a205-2db4fcb22d4b	b2a717df255266c1428d6ef9ef7f36db102942b3	993	309	3	41422.392000	5.428250	4342	TRUE	41422.417000	4322	5.403250	2229	14.976969	3.207695	70.737144	8.011195	70.737144	8.011195
FAR09416_pass_b2a717df_337.fast5	63a3925d-61f3-44a1-af8f-f7810eb5fa0c	b2a717df255266c1428d6ef9ef7f36db102942b3	993	341	2	41398.632500	48.826000	39060	TRUE	41398.677500	39024	48.781000	20913	15.388073	3.242473	75.509773	9.886155	75.509773	9.886155
FAR09416_pass_b2a717df_48.fast5	3abfaf6f-9d36-44fc-8753-3eacf5fe35a1	b2a717df255266c1428d6ef9ef7f36db102942b3	1012	221	2	5417.834500	1.117750	894	TRUE	5417.877000	860	1.075250	410	12.235203	3.007065	69.373535	9.204351	69.373535	9.204351
FAR09416_pass_b2a717df_31.fast5	e8bc47ff-d970-444b-b159-086cde5ae2b9	b2a717df255266c1428d6ef9ef7f36db102942b3	1013	206	4	3431.206750	27.509750	22007	TRUE	3431.238000	21982	27.478500	11388	15.151394	3.196095	70.907600	8.522548	70.907600	8.522548
FAR09416_pass_b2a717df_549.fast5	2126dae0-92e9-4243-af1c-0bf8f37e4425	b2a717df255266c1428d6ef9ef7f36db102942b3	1014	220	4	70095.663500	5.758000	4606	TRUE	70095.736000	4548	5.685500	2590	10.597104	3.169909	76.362030	8.011195	76.362030	8.011195
FAR09416_pass_b2a717df_405.fast5	7bc9c4b6-3cc9-4f99-8d00-ef063b1de71f	b2a717df255266c1428d6ef9ef7f36db102942b3	1017	504	1	50247.621000	3.350000	2680	TRUE	50247.636000	2668	3.335000	1243	15.890974	3.099132	76.702927	8.863450	76.702927	8.863450
FAR09416_pass_b2a717df_139.fast5	63d657d0-e445-4ea9-be1c-7983aa28f3d1	b2a717df255266c1428d6ef9ef7f36db102942b3	1018	426	1	16054.780250	4.868000	3894	TRUE	16054.794000	3883	4.854250	1859	16.583080	3.074635	74.487068	10.908861	74.487068	10.908861
FAR09416_pass_b2a717df_763.fast5	78a38bd4-6680-4bf9-bfd0-d5d9888625ce	b2a717df255266c1428d6ef9ef7f36db102942b3	1020	491	3	102211.343750	1.995000	1596	TRUE	102211.352500	1589	1.986250	800	12.457950	3.043585	85.055023	9.545254	85.055023	9.545254
FAR09416_pass_b2a717df_763.fast5	0ae99016-8a4d-408b-be3f-ac4979e28e69	b2a717df255266c1428d6ef9ef7f36db102942b3	1020	234	4	102218.147500	12.094000	9675	TRUE	102218.187500	9643	12.054000	4559	13.562822	3.042840	72.782555	8.522548	72.782555	8.522548
FAR09416_pass_b2a717df_605.fast5	612de81c-5de0-4ca4-b2b4-4cb0081180b1	b2a717df255266c1428d6ef9ef7f36db102942b3	1024	169	2	77908.539000	3.335250	2668	TRUE	77908.572750	2641	3.301500	1176	12.219413	2.949995	75.339325	12.272469	75.339325	12.272469
FAR09416_pass_b2a717df_220.fast5	d657c695-5891-435f-9300-624ebeb4c50a	b2a717df255266c1428d6ef9ef7f36db102942b3	1034	206	4	26189.411250	5.245750	4196	TRUE	26189.453750	4162	5.203250	2300	13.281306	3.198267	68.691734	7.329391	68.691734	7.329391
FAR09416_pass_b2a717df_489.fast5	e3a32acf-58c4-4f48-a173-b73d2a28b5a3	b2a717df255266c1428d6ef9ef7f36db102942b3	1037	316	3	61889.848500	10.957750	8766	TRUE	61889.876000	8744	10.930250	4199	15.006968	3.086480	70.225792	10.227057	70.225792	10.227057
FAR09416_pass_b2a717df_102.fast5	c8ab5c43-d3ae-41ab-9f6f-3d5abd1727a7	b2a717df255266c1428d6ef9ef7f36db102942b3	1039	346	4	11795.929000	1.311250	1049	TRUE	11795.960250	1024	1.280000	463	10.712333	2.859790	67.839478	9.715705	67.839478	9.715705
FAR09416_pass_b2a717df_65.fast5	96a94378-426e-47ab-beea-9a203ca38486	b2a717df255266c1428d6ef9ef7f36db102942b3	1042	79	1	7442.330500	1.111000	888	TRUE	7442.370500	856	1.071000	595	13.078837	3.394823	73.464363	8.352097	73.464363	8.352097
FAR09416_pass_b2a717df_128.fast5	d7234a3f-e754-4424-8130-6fdebb10a1ef	b2a717df255266c1428d6ef9ef7f36db102942b3	1045	110	1	14790.852750	31.186750	24949	TRUE	14790.894000	24916	31.145500	12099	15.569882	3.125083	73.293907	9.033900	73.293907	9.033900
FAR09416_pass_b2a717df_1146.fast5	4c2b5115-84c6-4258-8150-d9a915d9324b	b2a717df255266c1428d6ef9ef7f36db102942b3	1049	510	1	192655.684000	18.208750	14567	TRUE	192655.717750	14540	18.175000	4991	16.515045	2.811201	67.157677	7.499842	67.157677	7.499842
FAR09416_pass_b2a717df_1174.fast5	f06b6cc7-14bd-4e21-93e4-7ac007f43d5f	b2a717df255266c1428d6ef9ef7f36db102942b3	1050	507	1	216394.375250	9.321250	7457	TRUE	216394.375250	7457	9.321250	3487	9.591969	2.895218	79.771049	11.079312	79.771049	11.079312
FAR09416_pass_b2a717df_1174.fast5	3df0c1b3-60c5-45c0-acc6-ab0b9de99bcc	b2a717df255266c1428d6ef9ef7f36db102942b3	1050	465	3	217123.672000	10.596000	8476	TRUE	217123.679500	8470	10.588500	4247	12.484118	3.102319	103.463730	10.397509	103.463730	10.397509
FAR09416_pass_b2a717df_343.fast5	9d036cbf-4704-406f-90d6-ccef7c2cb599	b2a717df255266c1428d6ef9ef7f36db102942b3	1054	440	2	42150.548750	3.714000	2971	TRUE	42150.548750	2971	3.714000	1496	13.846026	3.106570	74.146164	10.397509	74.146164	10.397509
FAR09416_pass_b2a717df_764.fast5	2c0144f4-261d-4773-8f8d-4f3d4c22e144	b2a717df255266c1428d6ef9ef7f36db102942b3	1057	40	3	102351.586750	10.600500	8480	TRUE	102351.665500	8417	10.521750	4240	13.296252	3.144647	72.441658	8.352097	72.441658	8.352097
FAR09416_pass_b2a717df_614.fast5	f417cfc9-fb7c-4640-a186-619d71a5082b	b2a717df255266c1428d6ef9ef7f36db102942b3	1065	170	3	79346.004500	10.760250	8608	TRUE	79346.038250	8581	10.726500	3971	16.393404	3.103248	78.407440	8.863450	78.407440	8.863450
FAR09416_pass_b2a717df_614.fast5	6cf98f64-1e56-4a8f-94e7-fbc996bafe84	b2a717df255266c1428d6ef9ef7f36db102942b3	1065	413	2	79307.815250	17.332000	13865	TRUE	79307.832750	13851	17.314500	5404	11.684082	2.814183	56.248814	8.352097	56.248814	8.352097
FAR09416_pass_b2a717df_612.fast5	a4795cbd-5ebe-4bd7-b3ce-fcc88f17718a	b2a717df255266c1428d6ef9ef7f36db102942b3	1080	462	4	79082.639000	0.813250	650	TRUE	79082.696500	604	0.755750	264	14.534366	2.938402	73.805267	11.079312	73.805267	11.079312
FAR09416_pass_b2a717df_986.fast5	e27d9f64-3dae-49f2-b755-2e27241c7c2a	b2a717df255266c1428d6ef9ef7f36db102942b3	1084	446	4	144109.624750	2.385000	1908	TRUE	144109.664750	1876	2.345000	372	15.288045	2.436149	70.396248	8.522548	70.396248	8.522548
FAR09416_pass_b2a717df_1047.fast5	9ad78a56-155c-4c32-a1f5-6e272325b3a4	b2a717df255266c1428d6ef9ef7f36db102942b3	1088	500	1	158752.820000	14.320000	11456	TRUE	158752.860000	11424	14.280000	3194	19.105642	2.685443	80.623299	11.761116	80.623299	11.761116
FAR09416_pass_b2a717df_67.fast5	47d56830-3a51-4c49-9e78-781b7b278aff	b2a717df255266c1428d6ef9ef7f36db102942b3	1098	296	3	7618.114250	12.090500	9672	TRUE	7618.139250	9652	12.065500	4818	10.879663	3.095232	70.055344	8.863450	70.055344	8.863450
FAR09416_pass_b2a717df_211.fast5	e1abc82c-e071-4ba5-a37e-13defc220391	b2a717df255266c1428d6ef9ef7f36db102942b3	1112	408	2	25036.815750	2.788250	2230	TRUE	25036.815750	2230	2.788250	1027	14.108819	3.053736	71.078049	9.545254	71.078049	9.545254
FAR09416_pass_b2a717df_1168.fast5	8bd9eb6b-ffa2-4fac-ba4a-90b04668561c	b2a717df255266c1428d6ef9ef7f36db102942b3	1120	144	1	210494.305750	1.738000	1390	TRUE	210494.333250	1368	1.710500	702	12.958879	3.089599	67.839478	7.329391	67.839478	7.329391
FAR09416_pass_b2a717df_319.fast5	b8988d78-26a0-4656-a35e-2f9cf875634e	b2a717df255266c1428d6ef9ef7f36db102942b3	1122	25	4	38972.440250	5.883250	4706	TRUE	38972.470250	4682	5.853250	2298	13.669260	3.090853	74.827972	9.715705	74.827972	9.715705
FAR09416_pass_b2a717df_319.fast5	80d32207-f19d-4555-80bb-9bab613a9abf	b2a717df255266c1428d6ef9ef7f36db102942b3	1122	232	2	38881.760750	18.398250	14718	TRUE	38881.808250	14680	18.350750	7444	12.649763	3.145172	73.634811	9.033900	73.634811	9.033900
FAR09416_pass_b2a717df_1161.fast5	0f2f9c1e-99bf-4f13-a08e-1591e1092252	b2a717df255266c1428d6ef9ef7f36db102942b3	1133	181	3	204266.452250	5.703250	4562	TRUE	204266.476000	4543	5.679500	1813	13.540250	2.924285	85.225479	11.420214	85.225479	11.420214
FAR09416_pass_b2a717df_642.fast5	fc55611e-c2ed-4c57-8eef-3619283f87fd	b2a717df255266c1428d6ef9ef7f36db102942b3	1138	71	3	83307.563500	2.618750	2095	TRUE	83307.649750	2026	2.532500	972	15.315138	3.117734	61.532795	8.011195	61.532795	8.011195
FAR09416_pass_b2a717df_4.fast5	39452093-d020-4bb0-b016-0a6feebc43dd	b2a717df255266c1428d6ef9ef7f36db102942b3	1139	500	1	416.962500	87.277750	69822	TRUE	416.997500	69794	87.242750	33245	16.742615	3.144183	78.066536	10.227057	78.066536	10.227057
FAR09416_pass_b2a717df_823.fast5	e508c1b6-c617-44b1-9680-6f4cc434c78a	b2a717df255266c1428d6ef9ef7f36db102942b3	1151	125	1	112540.360250	5.643750	4515	TRUE	112540.376500	4502	5.627500	2418	13.975021	3.185459	69.884895	7.840744	69.884895	7.840744
FAR09416_pass_b2a717df_886.fast5	24997710-7065-4178-85d6-ee555389c97c	b2a717df255266c1428d6ef9ef7f36db102942b3	1153	491	3	124204.186750	5.142250	4113	TRUE	124204.243000	4068	5.086000	1887	13.620442	3.037568	74.316620	10.908861	74.316620	10.908861
FAR09416_pass_b2a717df_338.fast5	c3cadc67-b6a0-4f0c-a7ab-d46571d4aaca	b2a717df255266c1428d6ef9ef7f36db102942b3	1156	293	1	41505.321000	1.211500	969	TRUE	41505.353500	943	1.179000	396	12.371890	2.843902	68.009933	10.056606	68.009933	10.056606
FAR09416_pass_b2a717df_187.fast5	d8e4c031-5a82-4ae0-965d-dbf97e1b82da	b2a717df255266c1428d6ef9ef7f36db102942b3	1159	263	1	21956.774000	5.699000	4559	TRUE	21956.814000	4527	5.659000	925	15.581116	2.520128	69.203087	9.204351	69.203087	9.204351
FAR09416_pass_b2a717df_187.fast5	66206639-e54b-49eb-b102-5b69ddbfddcb	b2a717df255266c1428d6ef9ef7f36db102942b3	1159	364	2	22009.578250	2.161000	1728	TRUE	22009.637000	1681	2.102250	867	13.724901	3.104525	70.907600	9.033900	70.907600	9.033900
FAR09416_pass_b2a717df_174.fast5	78e5e016-fa03-4b33-b549-03c1f8c3a869	b2a717df255266c1428d6ef9ef7f36db102942b3	1161	27	2	20353.063250	14.497750	11598	TRUE	20353.117000	11555	14.444000	5494	14.352828	3.093566	74.998421	8.863450	74.998421	8.863450
FAR09416_pass_b2a717df_1074.fast5	4ddbbda1-02d1-48f1-86e7-f4fe64bb0201	b2a717df255266c1428d6ef9ef7f36db102942b3	1172	166	4	165587.734500	7.826500	6261	TRUE	165587.760750	6240	7.800250	2805	11.447630	2.931666	95.622986	12.272469	95.622986	12.272469
FAR09416_pass_b2a717df_560.fast5	d2c6e3e1-2c33-4e1e-a2be-a0cd18155784	b2a717df255266c1428d6ef9ef7f36db102942b3	1173	403	1	69584.105750	163.727250	130981	TRUE	69584.183250	130919	163.649750	58933	15.779065	3.067712	76.702927	10.056606	76.702927	10.056606
FAR09416_pass_b2a717df_145.fast5	5862c8ca-b47e-4ecc-9f01-af8597ef581f	b2a717df255266c1428d6ef9ef7f36db102942b3	1174	466	4	16983.674250	6.885750	5508	TRUE	16983.685500	5499	6.874500	2983	12.064016	3.181703	76.532478	8.522548	76.532478	8.522548
FAR09416_pass_b2a717df_204.fast5	781ba4e5-8572-4709-9d0b-93d1e2481fe5	b2a717df255266c1428d6ef9ef7f36db102942b3	1185	77	4	24202.086000	19.281000	15424	TRUE	24202.187250	15343	19.179750	7321	14.181766	3.123504	73.975716	9.886155	73.975716	9.886155
